1 01001U          24042.87500000  .00000722  00000-0  13835-3 0 00001
2 01001 029.8987 071.7528 0049138 102.0155 070.9654 14.62078840001479

1 01002U          24042.87500000 -.00212662  00000-0 -39834-1 0 00007
2 01002 030.0755 071.5963 0040588 076.0171 227.2514 14.62904144001473

1 01003U          24042.87500000 -.00283956  00000-0 -51486-1 0 00009
2 01003 030.1990 071.4272 0032478 053.0983 345.5449 14.65512262001484

1 02001U          24042.87500000  .00000744  00000-0  14261-3 0 00000
2 02001 029.9007 108.4604 0049126 100.9692 264.4809 14.62072876001461

1 02002U          24042.87500000 -.00212712  00000-0 -39848-1 0 00009
2 02002 030.0753 108.3021 0040392 074.8942 060.7762 14.62946103001466

1 02003U          24042.87500000 -.00284008  00000-0 -51499-1 0 00003
2 02003 030.1990 108.1338 0032308 052.2015 177.9154 14.65569919001464

1 03001U          24042.87500000  .00000875  00000-0  16759-3 0 00000
2 03001 029.9003 145.1634 0049095 100.0337 098.1399 14.62074802001446

1 03002U          24042.87500000 -.00212651  00000-0 -39842-1 0 00006
2 03002 030.0749 145.0063 0040122 073.9177 254.1398 14.62989038001443

1 03003U          24042.87500000 -.00283977  00000-0 -51484-1 0 00002
2 03003 030.1987 144.8409 0032623 050.8079 010.7513 14.65628121001454

1 04001U          24042.87500000  .00001029  00000-0  19704-3 0 00006
2 04001 029.8998 181.8638 0049087 099.1915 291.7192 14.62077255001437

1 04002U          24042.87500000 -.00212540  00000-0 -39823-1 0 00003
2 04002 030.0742 181.7085 0039963 073.0301 087.3976 14.63032267001430

1 04003U          24042.87500000 -.00283891  00000-0 -51468-1 0 00000
2 04003 030.1981 181.5459 0032568 050.1088 202.8583 14.65686116001430

1 05001U          24042.87500000  .00001160  00000-0  22223-3 0 00003
2 05001 029.8991 218.5632 0049108 098.3897 125.2717 14.62079928001418

1 05002U          24042.87500000 -.00212427  00000-0 -39805-1 0 00008
2 05002 030.0733 218.4094 0039785 072.2525 280.5454 14.63075971001415

1 05003U          24042.87500000 -.00283807  00000-0 -51450-1 0 00009
2 05003 030.1972 218.2495 0032643 049.3543 035.0066 14.65744247001420

1 06001U          24042.87500000  .00001264  00000-0  24220-3 0 00008
2 06001 029.8989 255.2637 0049144 097.5597 318.8509 14.62082422001408

1 06002U          24042.87500000 -.00212329  00000-0 -39785-1 0 00007
2 06002 030.0726 255.1103 0039750 071.5045 113.6640 14.63120233001402

1 06003U          24042.87500000 -.00283734  00000-0 -51428-1 0 00004
2 06003 030.1964 254.9531 0032908 048.7535 226.9966 14.65803015001405

1 07001U          24042.87500000  .00001314  00000-0  25174-3 0 00004
2 07001 029.8992 291.9664 0049176 096.6595 152.4638 14.62083427001381

1 07002U          24042.87500000 -.00212248  00000-0 -39770-1 0 00002
2 07002 030.0727 291.8126 0039655 070.6345 306.8738 14.63164023001390

1 07003U          24042.87500000 -.00283658  00000-0 -51398-1 0 00006
2 07003 030.1964 291.6576 0033454 047.7925 059.3180 14.65861826001390

1 08001U          24042.87500000  .00001250  00000-0  23945-3 0 00008
2 08001 029.8999 328.6713 0049200 095.6714 346.1041 14.62081588001377

1 08002U          24042.87500000 -.00212248  00000-0 -39771-1 0 00004
2 08002 030.0736 328.5161 0039613 069.7449 140.0424 14.63205762001370

1 08003U          24042.87500000 -.00283604  00000-0 -51380-1 0 00009
2 08003 030.1972 328.3626 0033773 046.9076 251.5042 14.65919268001371

1 09001U          24042.87500000  .00001065  00000-0  20394-3 0 00008
2 09001 029.9006 005.3781 0049209 094.6003 179.7868 14.62077411001356

1 09002U          24042.87500000 -.00212362  00000-0 -39797-1 0 00000
2 09002 030.0746 005.2210 0039517 068.6505 333.3633 14.63245232001364

1 09003U          24042.87500000 -.00283615  00000-0 -51370-1 0 00001
2 09003 030.1982 005.0699 0034324 045.4921 084.1643 14.65974877001361

1 10001U          24042.87500000  .00000847  00000-0  16230-3 0 00001
2 10001 029.9009 042.0857 0049200 093.4892 013.5182 14.62073256001343

1 10002U          24042.87500000 -.00212559  00000-0 -39838-1 0 00006
2 10002 030.0752 041.9269 0039423 067.5667 166.6663 14.63284312001347

1 10003U          24042.87500000  .00148391  00000-0  23981-1 0 00009
2 10003 030.5757 041.7649 0021134 231.0817 095.1094 14.69448059001343
